0	2.5004358
10	1.5900208
20	1.160596
30	1.2986915
40	1.0235693
50	1.1648234
60	0.8053164
70	1.0723974
80	0.83228374
90	0.66059375
100	0.91945547
110	0.5976665
120	0.8215681
130	0.6314435
140	0.7429704
150	0.8103359
160	0.85609937
170	0.68190974
180	0.6113729
190	0.6898039
200	0.720146
210	0.64097506
220	0.8484492
230	0.59955686
240	0.44177914
250	0.47956467
260	0.7195578
270	0.85733825
280	0.4316871
290	0.44754487
300	0.80691504
310	0.55481493
320	0.47950652
330	0.5114548
340	0.39302295
350	0.65844846
360	0.5272182
370	0.63849545
380	0.60824764
390	0.41484302
400	0.65505457
410	0.49842572
420	0.5031768
430	0.9264219
440	0.3226366
450	0.56781656
460	0.4677528
470	0.62665933
480	0.5817935
490	0.544594
500	0.5130493
510	0.7229073
520	0.6224927
530	0.3001727
540	0.49161738
550	0.7302909
560	0.4910048
570	0.73971146
580	0.47123623
590	0.9831116
600	0.4906416
610	0.6388948
620	0.20884567
630	0.327195
640	0.5891287
650	0.5306494
660	0.5412933
670	0.80860174
680	0.2873847
690	0.53582686
700	0.49667776
710	0.42693627
720	0.57365716
730	0.50944674
740	0.42587784
750	0.46116596
760	0.38063774
770	0.4198486
780	0.5040111
790	0.81842345
800	0.49640834
810	0.7298614
820	0.30308503
830	0.34660867
840	0.5095673
850	0.28626287
860	0.33840653
870	0.46829832
880	0.3325799
890	0.5159865
900	0.76525426
910	0.39172745
920	0.29391974
930	0.45638067
940	0.49286518
950	0.5410198
960	0.5763016
970	0.6302157
980	0.24286331
990	0.40745133
1000	0.5148793
1010	0.437595
1020	0.3487436
1030	0.43726644
1040	0.3054848
1050	0.5505646
1060	0.51311797
1070	0.44457138
1080	0.31846234
1090	0.50882834
1100	0.4552151
1110	0.3453742
1120	0.30400962
1130	0.32757828
1140	0.40159038
1150	0.5386651
1160	0.20682253
1170	0.3068615
1180	0.24652971
1190	0.67638403
1200	0.26932484
1210	0.42770034
1220	0.33500087
1230	0.43834323
1240	0.51599497
1250	0.3256493
1260	0.4202721
1270	0.558011
1280	0.45842713
1290	0.38933823
1300	0.20912066
1310	0.5002164
1320	0.53237414
1330	0.59602165
1340	0.37046093
1350	0.37381414
1360	0.40825066
1370	0.321154
1380	0.42441815
1390	0.30790177
1400	0.59246516
1410	0.52571565
1420	0.5567495
1430	0.32808727
1440	0.33655232
1450	0.6580881
1460	0.25916255
1470	0.3009758
1480	0.40811944
1490	0.3591326
1500	0.4580751
1510	0.3131027
1520	0.49035996
1530	0.45173553
1540	0.3109121
1550	0.34876087
1560	0.31961942
1570	0.32769272
1580	0.434691
1590	0.26281607
1600	0.40799996
1610	0.43345442
1620	0.35625973
1630	0.31878704
1640	0.43953484
1650	0.23033957
1660	0.42479435
1670	0.46611694
1680	0.3428604
1690	0.39398974
1700	0.3405954
1710	0.386635
1720	0.5471887
1730	0.53922004
1740	0.25649244
1750	0.26917744
1760	0.30200976
1770	0.3124613
1780	0.27333415
1790	0.3049502
1800	0.3859754
1810	0.36020112
1820	0.24383627
1830	0.27927423
1840	0.42487413
1850	0.31083453
1860	0.3956394
1870	0.4495404
1880	0.27941918
1890	0.30292872
1900	0.36479744
1910	0.52255034
1920	0.23542027
1930	0.16377449
1940	0.35691464
1950	0.32744774
1960	0.42129934
1970	0.647907
1980	0.38111955
1990	0.33038253
2000	0.5122107
2010	0.18238835
2020	0.2682334
2030	0.37976715
2040	0.32829243
2050	0.2674065
2060	0.5576851
2070	0.33368325
2080	0.42399547
2090	0.26194665
2100	0.31472006
2110	0.43846253
2120	0.32396558
2130	0.4783684
2140	0.42755696
2150	0.3749896
2160	0.2973547
2170	0.5264093
2180	0.29036295
2190	0.56625617
2200	0.42775068
2210	0.30594113
2220	0.3989648
2230	0.44998777
2240	0.51042604
2250	0.2383273
2260	0.38335747
2270	0.34499037
2280	0.15169983
2290	0.3721477
2300	0.18171735
2310	0.29020447
2320	0.42687044
2330	0.39831117
2340	0.4442263
2350	0.21070214
2360	0.22782011
2370	0.54628813
2380	0.3838475
2390	0.43040967
2400	0.13240477
2410	0.405588
2420	0.31589043
2430	0.48791713
2440	0.578995
2450	0.41924682
2460	0.23927519
2470	0.4785904
2480	0.1648136
2490	0.19396
2500	0.32838953
2510	0.2339973
2520	0.456878
2530	0.42265546
2540	0.2230193
2550	0.18366857
2560	0.17209245
2570	0.26742128
2580	0.37436607
2590	0.31185403
2600	0.35875747
2610	0.19339794
2620	0.30772746
2630	0.47415206
2640	0.26006448
2650	0.39139444
2660	0.16014256
2670	0.2792366
2680	0.11339382
2690	0.42118955
2700	0.46228966
2710	0.32197693
2720	0.3939725
2730	0.2628091
2740	0.3381147
2750	0.2941699
2760	0.20188455
2770	0.43364412
2780	0.38916245
2790	0.40414906
2800	0.29590625
2810	0.6622526
2820	0.37996852
2830	0.4192865
2840	0.22920935
2850	0.3256608
2860	0.5360155
2870	0.23111954
2880	0.19841984
2890	0.26063052
2900	0.19569626
2910	0.33586174
2920	0.37791187
2930	0.32997754
2940	0.33871138
2950	0.32181865
2960	0.18672995
2970	0.3737771
2980	0.37882638
2990	0.56221795
3000	0.23339103
3010	0.32927218
3020	0.25985545
3030	0.3926573
3040	0.26008493
3050	0.51833266
3060	0.36039227
3070	0.2625797
3080	0.30850857
3090	0.28782308
3100	0.49290496
3110	0.39193594
3120	0.28223434
3130	0.16627347
3140	0.24501827
3150	0.23788798
3160	0.23150629
3170	0.4270983
3180	0.31429538
3190	0.37818214
3200	0.273253
3210	0.28228068
3220	0.4536622
3230	0.5035585
3240	0.58213526
3250	0.2671426
3260	0.38620687
3270	0.258992
3280	0.5302427
3290	0.36753914
3300	0.22422609
3310	0.3745947
3320	0.19660755
3330	0.40515637
3340	0.5330149
3350	0.2515255
3360	0.1568574
3370	0.32785127
3380	0.3860765
3390	0.19994193
3400	0.36700755
3410	0.20050888
3420	0.44913998
3430	0.40220803
3440	0.3018334
3450	0.19321632
3460	0.266551
3470	0.29533556
3480	0.11145618
3490	0.2334802
3500	0.15051883
3510	0.26722428
3520	0.25167987
3530	0.32101384
3540	0.2671288
3550	0.35550702
3560	0.23153926
3570	0.30394796
3580	0.43012732
3590	0.16156776
3600	0.34573865
3610	0.5596256
3620	0.2972787
3630	0.41016293
3640	0.21423209
3650	0.16089383
3660	0.38336426
3670	0.21958703
3680	0.17651042
3690	0.3400875
3700	0.1727998
3710	0.34787464
3720	0.23893376
3730	0.33689517
3740	0.14470077
3750	0.45740214
3760	0.2877258
3770	0.24158649
3780	0.38449168
3790	0.3739717
3800	0.27589795
3810	0.4322338
3820	0.38651145
3830	0.362028
3840	0.28352663
3850	0.3812002
3860	0.13896857
3870	0.22676343
3880	0.23924093
3890	0.42669067
3900	0.46012235
3910	0.24568196
3920	0.15639731
3930	0.32162693
3940	0.1977964
3950	0.29242745
3960	0.31399378
3970	0.43276015
3980	0.2955683
3990	0.45058882
4000	0.27286962
4010	0.285375
4020	0.27673987
4030	0.3203821
4040	0.23195118
4050	0.1491929
4060	0.27019307
4070	0.5056386
4080	0.26933408
4090	0.41802254
4100	0.28478333
4110	0.37920964
4120	0.26676914
4130	0.10309985
4140	0.2944663
4150	0.14020704
4160	0.15166223
4170	0.19364499
4180	0.27032277
4190	0.31652883
4200	0.5474589
4210	0.23742367
4220	0.18215424
4230	0.4261541
4240	0.41181976
4250	0.24829383
4260	0.57269144
4270	0.3040588
4280	0.33360827
4290	0.4089448
4300	0.38069862
4310	0.19566017
4320	0.25256214
4330	0.30444318
4340	0.38647038
4350	0.32659164
4360	0.35564587
4370	0.22549886
4380	0.20441642
4390	0.25860116
4400	0.2337872
4410	0.3436573
4420	0.35935563
4430	0.38396186
4440	0.4099028
4450	0.22087595
4460	0.30386502
4470	0.25130814
4480	0.23392227
4490	0.27970207
4500	0.23115732
4510	0.2910363
4520	0.21742621
4530	0.2249462
4540	0.23725505
4550	0.32918912
4560	0.23509087
4570	0.36952233
4580	0.13831721
4590	0.33832955
4600	0.24268115
4610	0.39255473
4620	0.34015715
4630	0.27449372
4640	0.39130628
4650	0.38266045
4660	0.22075832
4670	0.24161795
4680	0.2643292
4690	0.19555631
4700	0.1853577
4710	0.19683564
4720	0.37271205
4730	0.27639443
4740	0.18187313
4750	0.17259721
4760	0.22061764
4770	0.5322493
4780	0.1396899
4790	0.40507516
4800	0.37061718
4810	0.17425102
4820	0.1991231
4830	0.33023605
4840	0.38753358
4850	0.13714366
4860	0.1919433
4870	0.3064576
4880	0.28451747
4890	0.10124302
4900	0.20584258
4910	0.43982163
4920	0.21624225
4930	0.315366
4940	0.2904383
4950	0.29562366
4960	0.2617291
4970	0.24640034
4980	0.17931147
4990	0.27293396
5000	0.19939947
5010	0.49335808
5020	0.21465637
5030	0.34205166
5040	0.11631108
5050	0.3289711
5060	0.19010374
5070	0.21777432
5080	0.18740444
5090	0.1157232
5100	0.3765153
5110	0.31102154
5120	0.18586488
5130	0.20010452
5140	0.16449688
5150	0.18775354
5160	0.5254575
5170	0.0897634
5180	0.28001696
5190	0.44078183
5200	0.25900632
5210	0.3969973
5220	0.29189876
5230	0.2714735
5240	0.2441728
5250	0.13210046
5260	0.06719667
5270	0.06314577
5280	0.19700865
5290	0.2480613
5300	0.27413556
5310	0.3156346
5320	0.4434818
5330	0.28961742
5340	0.393975
5350	0.28734797
5360	0.498094
5370	0.32631204
5380	0.30343235
5390	0.24991222
5400	0.31831688
5410	0.19516653
5420	0.23377979
5430	0.1716838
5440	0.15933768
5450	0.4376699
5460	0.18983816
5470	0.11878912
5480	0.36799136
5490	0.39151114
5500	0.20905356
5510	0.17172271
5520	0.3325247
5530	0.25623536
5540	0.36434257
5550	0.26229408
5560	0.18672828
5570	0.13776228
5580	0.44723693
5590	0.13042516
5600	0.32191536
5610	0.19896151
5620	0.46479008
5630	0.1962926
5640	0.27207193
5650	0.2409799
5660	0.3232623
5670	0.10267131
5680	0.19804649
5690	0.2049668
5700	0.118810594
5710	0.3623157
5720	0.32467192
5730	0.31206277
5740	0.26726034
5750	0.17689358
5760	0.41466606
5770	0.25332516
5780	0.27374038
5790	0.1407817
5800	0.13583304
5810	0.33455682
5820	0.143748
5830	0.4626063
5840	0.2015621
5850	0.24330093
5860	0.17259061
5870	0.18813694
5880	0.27110684
5890	0.20188121
5900	0.20711932
5910	0.20073807
5920	0.2125807
5930	0.20215234
5940	0.321046
5950	0.47257835
5960	0.13314529
5970	0.20533523
5980	0.33639523
5990	0.30656588
