0	2.379998
10	1.5781691
20	1.3264282
30	1.0834972
40	0.9017508
50	1.2442212
60	0.9685527
70	1.1140196
80	0.8184492
90	0.91283464
100	0.515592
110	0.6953362
120	1.1855263
130	0.74498117
140	0.8886138
150	0.65408164
160	0.85787845
170	0.6372149
180	0.71084243
190	0.56464756
200	0.60174376
210	0.9664024
220	0.70698744
230	0.7534352
240	0.6795003
250	0.69003487
260	0.70556986
270	0.58782846
280	0.66126305
290	0.62248045
300	0.6186827
310	0.6413443
320	0.434041
330	0.6089192
340	0.69864637
350	0.6887439
360	0.8449556
370	0.43552357
380	0.59819645
390	0.71088874
400	0.8004015
410	0.8278122
420	0.5352375
430	0.8849496
440	0.8277478
450	0.4461313
460	0.5902815
470	0.7425854
480	0.8775232
490	0.35136354
500	0.6630962
510	0.7636814
520	0.48003787
530	0.51035917
540	0.30840647
550	0.58133864
560	0.8740625
570	0.5396381
580	0.55733466
590	0.6809134
600	0.53859615
610	0.5194121
620	0.4496042
630	0.6293575
640	0.42466813
650	0.36359295
660	0.44476977
670	0.5848105
680	0.45327115
690	0.61798036
700	0.47254068
710	0.55914885
720	0.5980101
730	0.42693016
740	0.33752266
750	0.79892683
760	0.7353793
770	0.54436
780	0.4331773
790	0.5843255
800	0.83125746
810	0.68147177
820	0.36828622
830	0.5055383
840	0.58934003
850	0.37350732
860	0.50073504
870	0.40146282
880	0.5406867
890	0.59949666
900	0.3168989
910	0.5478335
920	0.45324084
930	0.62115586
940	0.5551555
950	0.44840634
960	0.45049044
970	0.7573999
980	0.66791457
990	0.27277005
1000	0.43817618
1010	0.5865452
1020	0.76023394
1030	0.7792152
1040	0.37056842
1050	0.59334654
1060	0.25416264
1070	0.38389602
1080	0.40290877
1090	0.44264558
1100	0.40192413
1110	0.56774306
1120	0.44007912
1130	0.54186434
1140	0.8689469
1150	0.24925673
1160	0.41849968
1170	0.63709545
1180	0.52235323
1190	0.32561123
1200	0.30481404
1210	0.55564004
1220	0.5008924
1230	0.30023184
1240	0.3958785
1250	0.65374815
1260	0.32787347
1270	0.36715752
1280	0.47508046
1290	0.4137965
1300	0.39960873
1310	0.29372922
1320	0.39364707
1330	0.3870906
1340	0.5286569
1350	0.38571697
1360	0.3031371
1370	0.65834725
1380	0.47894895
1390	0.35370284
1400	0.40236032
1410	0.490691
1420	0.3465466
1430	0.28733796
1440	0.54013807
1450	0.438177
1460	0.3208605
1470	0.37468377
1480	0.5270414
1490	0.41964808
1500	0.29138812
1510	0.40534157
1520	0.3450341
1530	0.45044038
1540	0.51129854
1550	0.27519006
1560	0.31633773
1570	0.4558546
1580	0.23584557
1590	0.1927072
1600	0.4712906
1610	0.52887154
1620	0.19422676
1630	0.49268854
1640	0.5418352
1650	0.44007626
1660	0.3971089
1670	0.404599
1680	0.5236493
1690	0.49290797
1700	0.40721563
1710	0.5178113
1720	0.39317262
1730	0.4349741
1740	0.42478004
1750	0.35608566
1760	0.2947034
1770	0.5293651
1780	0.35651356
1790	0.43160576
1800	0.46332115
1810	0.564162
1820	0.6509116
1830	0.6300718
1840	0.45311767
1850	0.48009136
1860	0.384178
1870	0.2747975
1880	0.378664
1890	0.37812698
1900	0.36442426
1910	0.21195334
1920	0.3931154
1930	0.32407117
1940	0.66467726
1950	0.4817726
1960	0.33312577
1970	0.45787242
1980	0.33152333
1990	0.4392071
2000	0.4787908
2010	0.32248074
2020	0.52651465
2030	0.2715101
2040	0.27644423
2050	0.3332843
2060	0.3231326
2070	0.41589952
2080	0.48367795
2090	0.369592
2100	0.4643504
2110	0.3900512
2120	0.24023664
2130	0.28128636
2140	0.36828727
2150	0.60195845
2160	0.25227362
2170	0.5325631
2180	0.2690786
2190	0.2731799
2200	0.20603666
2210	0.5581783
2220	0.5006737
2230	0.29186988
2240	0.26951006
2250	0.35048118
2260	0.28320786
2270	0.45321506
2280	0.28253457
2290	0.49634483
2300	0.29341576
2310	0.36204946
2320	0.23651268
2330	0.6337503
2340	0.40415263
2350	0.31928957
2360	0.53960806
2370	0.25681886
2380	0.47823378
2390	0.16494688
2400	0.22700554
2410	0.36666492
2420	0.33746585
2430	0.4211777
2440	0.4470524
2450	0.39816844
2460	0.16547456
2470	0.38652417
2480	0.24249333
2490	0.45187804
2500	0.50131726
2510	0.31644976
2520	0.2801508
2530	0.37715566
2540	0.3754331
2550	0.24837139
2560	0.43450606
2570	0.27491775
2580	0.26586458
2590	0.45128945
2600	0.31176862
2610	0.2752128
2620	0.33067346
2630	0.22794907
2640	0.41203922
2650	0.4296337
2660	0.3097575
2670	0.34362206
2680	0.3987902
2690	0.28195563
2700	0.5212595
2710	0.3172237
2720	0.4188031
2730	0.32544848
2740	0.6215723
2750	0.36720645
2760	0.2404305
2770	0.47749656
2780	0.4341761
2790	0.22701667
2800	0.45146435
2810	0.25270158
2820	0.46498707
2830	0.2927953
2840	0.176226
2850	0.2194179
2860	0.43459255
2870	0.28764108
2880	0.255979
2890	0.25002137
2900	0.70858186
2910	0.45077297
2920	0.43151394
2930	0.37569293
2940	0.38957137
2950	0.4117697
2960	0.33102572
2970	0.35652336
2980	0.1956984
2990	0.18380302
3000	0.6290318
3010	0.38279003
3020	0.47080967
3030	0.18975475
3040	0.33796313
3050	0.35262364
3060	0.3923605
3070	0.32118228
3080	0.59092486
3090	0.19990608
3100	0.47866344
3110	0.2835152
3120	0.5372139
3130	0.42558306
3140	0.48304474
3150	0.46034527
3160	0.33150995
3170	0.32039085
3180	0.39454693
3190	0.33070347
3200	0.23863165
3210	0.32987475
3220	0.38203704
3230	0.4176954
3240	0.26790828
3250	0.18661219
3260	0.34075847
3270	0.4558517
3280	0.20409407
3290	0.28580487
3300	0.44743893
3310	0.23008257
3320	0.32787573
3330	0.5018285
3340	0.36434558
3350	0.3959223
3360	0.22564636
3370	0.3160005
3380	0.22774157
3390	0.46572444
3400	0.3218573
3410	0.35880333
3420	0.2094572
3430	0.342912
3440	0.3827211
3450	0.24715628
3460	0.23125042
3470	0.42203903
3480	0.3004604
3490	0.3971646
3500	0.5831493
3510	0.3204451
3520	0.1704097
3530	0.23010279
3540	0.3834918
3550	0.24500246
3560	0.45245302
3570	0.31055123
3580	0.27369428
3590	0.38980997
3600	0.28590983
3610	0.28271908
3620	0.56970435
3630	0.36167115
3640	0.3997748
3650	0.45033497
3660	0.42967343
3670	0.14638977
3680	0.4044664
3690	0.16211177
3700	0.28408313
3710	0.24140935
3720	0.24725483
3730	0.52447844
3740	0.26139447
3750	0.31370017
3760	0.45333305
3770	0.20780434
3780	0.31441966
3790	0.1588471
3800	0.43443212
3810	0.1127053
3820	0.31574193
3830	0.28152284
3840	0.45854816
3850	0.27639958
3860	0.25847837
3870	0.33298242
3880	0.5266825
3890	0.46577948
3900	0.27992135
3910	0.19420351
3920	0.37273586
3930	0.379165
3940	0.23987418
3950	0.3706816
3960	0.42919064
3970	0.31722388
3980	0.3644398
3990	0.403945
4000	0.28249016
4010	0.44300827
4020	0.514061
4030	0.3017424
4040	0.29272652
4050	0.28553593
4060	0.46864226
4070	0.36447212
4080	0.3122384
4090	0.2706135
4100	0.30101344
4110	0.31300074
4120	0.39359543
4130	0.2905402
4140	0.14986514
4150	0.5315601
4160	0.37495577
4170	0.49334797
4180	0.5417093
4190	0.2983227
4200	0.33833545
4210	0.21786813
4220	0.30548638
4230	0.30968207
4240	0.14628187
4250	0.30047283
4260	0.14689125
4270	0.45556125
4280	0.19847177
4290	0.35534522
4300	0.18663897
4310	0.2725181
4320	0.42025706
4330	0.31933016
4340	0.22124249
4350	0.35483274
4360	0.37857333
4370	0.27837986
4380	0.28256822
4390	0.39890057
4400	0.50714844
4410	0.32774317
4420	0.45069206
4430	0.23428242
4440	0.38561517
4450	0.62221694
4460	0.22245432
4470	0.29704875
4480	0.3603723
4490	0.29573384
4500	0.29197574
4510	0.21561287
4520	0.39536342
4530	0.30088758
4540	0.23244394
4550	0.20862816
4560	0.3608818
4570	0.42358917
4580	0.2718254
4590	0.19174285
4600	0.27482814
4610	0.3019944
4620	0.23414283
4630	0.58701766
4640	0.45938218
4650	0.23744704
4660	0.32185555
4670	0.35728228
4680	0.2984133
4690	0.2622936
4700	0.32093662
4710	0.51218265
4720	0.45334256
4730	0.27765584
4740	0.29843047
4750	0.14837018
4760	0.32065204
4770	0.34565556
4780	0.14227948
4790	0.26858404
4800	0.29613256
4810	0.35706857
4820	0.49929932
4830	0.2697575
4840	0.27236423
4850	0.3184988
4860	0.4005765
4870	0.2509367
4880	0.2914399
4890	0.3404332
4900	0.23513474
4910	0.3190381
4920	0.42220786
4930	0.28468782
4940	0.35760903
4950	0.44054362
4960	0.34901282
4970	0.3136032
4980	0.2526191
4990	0.1735331
5000	0.5626771
5010	0.16378668
5020	0.51267755
5030	0.33219874
5040	0.37589282
5050	0.2986855
5060	0.17803042
5070	0.39234897
5080	0.3346062
5090	0.23272812
5100	0.20097768
5110	0.1968114
5120	0.49223304
5130	0.2462156
5140	0.30676568
5150	0.3170828
5160	0.30076283
5170	0.508475
5180	0.3325615
5190	0.3977528
5200	0.57761025
5210	0.5003015
5220	0.3355466
5230	0.3414443
5240	0.30783004
5250	0.46049964
5260	0.3616867
5270	0.17999518
5280	0.3826719
5290	0.24235971
5300	0.4199823
5310	0.27579352
5320	0.19859308
5330	0.16532694
5340	0.3721681
5350	0.41710463
5360	0.33204734
5370	0.20820588
5380	0.19489595
5390	0.15748066
5400	0.1827238
5410	0.2757699
5420	0.34355104
5430	0.38171098
5440	0.1871039
5450	0.494957
5460	0.27794766
5470	0.4686595
5480	0.44024995
5490	0.25493237
5500	0.3878066
5510	0.41096526
5520	0.3571366
5530	0.21680407
5540	0.42691767
5550	0.37907496
5560	0.28497845
5570	0.24122195
5580	0.31025204
5590	0.3093001
5600	0.53037107
5610	0.28399205
5620	0.34712237
5630	0.3848058
5640	0.35157287
5650	0.34765366
5660	0.2839371
5670	0.290825
5680	0.45878056
5690	0.23625326
5700	0.14729586
5710	0.22579499
5720	0.18162782
5730	0.282144
5740	0.21575281
5750	0.11838211
5760	0.15650265
5770	0.25215894
5780	0.35203674
5790	0.18541506
5800	0.33320537
5810	0.09652853
5820	0.2598
5830	0.2627775
5840	0.3279738
5850	0.18334459
5860	0.3343394
5870	0.39191848
5880	0.30500072
5890	0.21690261
5900	0.46677834
5910	0.32186088
5920	0.32094696
5930	0.42852828
5940	0.26267728
5950	0.18463549
5960	0.36112714
5970	0.18749817
5980	0.29811552
5990	0.45462906
